# Cornell Box

# Right green wall
POLYGON 4 (0.5,0.75,-0.5) (0.5,-0.5,-0.5)  (0.5,-0.5,0.5) (0.5,0.75,0.5)
(0.25,0.25,0.75) 0.2 5 (1,1,1) 1e6 1 0.0

# Left red wall
POLYGON 4 (-0.5,0.75,-0.5) (-0.5,0.75,0.5)  (-0.5,-0.5,0.5)  (-0.5,-0.5,-0.5) 
(0.75,0.25,0.25) 0.2 5 (1,1,1) 1e6 1 0.0

# Front wall
POLYGON 4 (0.5,-0.5,-0.5) (0.5,0.75,-0.5) (-0.5,0.75,-0.5) (-0.5,-0.5,-0.5) 
(0.25,0.75,0.25) 0.2 5 (1,1,1) 1e6 1 0.0

# Ceil
POLYGON 4 (-0.5,0.5,-0.45) (0.5,0.5,-0.45) (0.5,0.5,0.5) (-0.5,0.5,0.5)
(0.75,0.75,0.75) 0.2 5 (1,1,1) 1e6 1 0.0

# Floor
POLYGON 4 (-0.5,-0.5,-0.5)  (-0.5,-0.5,0.5) (0.5,-0.5,0.5) (0.5,-0.5,-0.5)
(0.75,0.75,0.75) 0.2 5 (1,1,1) 1e6 1 0.0

# Ceil 2
POLYGON 4 (-0.5,0.75,-0.5) (0.5,0.75,-0.5) (0.5,0.75,0.0) (-0.5,0.75,0.0)
(0.75,0.75,0.75) 0.2 5 (1,1,1) 1e6 1 0.0

# Back wall
POLYGON 4 (0.5,-0.5,0.5) (0.5,0.75,0.5) (-0.5,0.75,0.5) (-0.5,-0.5,0.5) 
(0.25,0.75,0.25) 0.2 5 (1,1,1) 1e6 1 0.0

# Back wall 2
POLYGON 4 (0.5,0.5,0.0) (0.5,0.75,0.0) (-0.5,0.75,0.0) (-0.5,0.5,0.0) 
(0.25,0.75,0.25) 0.2 5 (1,1,1) 1e6 1 0.0

LIGHT (0,0.6,-0.1) (0.01,0.01,0.01) 0.05

AMBIENT (0.0,0.0,0.0)

AIR 1 1 (1,1,1)

CAMERA (0,0,0) (0.5,0,0) (0,0.5,0) 0.45
