# Cornell Box

# Right green wall
POLYGON 4 (0.5,0.5,-0.5) (0.5,-0.5,-0.5)  (0.5,-0.5,0.5) (0.5,0.5,0.5)
(0.0,1.0,0.0) 0.0 5 (1,1,1) 1e6 1 0.0

# Left red wall
POLYGON 4 (-0.5,0.5,-0.5) (-0.5,0.5,0.5)  (-0.5,-0.5,0.5)  (-0.5,-0.5,-0.5) 
(1.0,0.0,0.0) 0.0 5 (1,1,1) 1e6 1 0.0

# Front wall
POLYGON 4 (0.5,-0.5,-0.5) (0.5,0.5,-0.5) (-0.5,0.5,-0.5) (-0.5,-0.5,-0.5) 
(1.0,1.0,1.0) 0.0 5 (1,1,1) 1e6 1 0.0
# Ceil
POLYGON 4 (-0.5,0.5,-0.5) (0.5,0.5,-0.5) (0.5,0.5,0.5) (-0.5,0.5,0.5)
(1.0,1.0,1.0) 0.0 5 (1,1,1) 1e6 1 0.0
# Floor
POLYGON 4 (-0.5,-0.5,-0.5)  (-0.5,-0.5,0.5) (0.5,-0.5,0.5) (0.5,-0.5,-0.5)
(1.0,1.0,1.0) 0.0 5 (1,1,1) 1e6 1 0.0

BOX (-0.4,-0.5,0.0)
(0.329,0,0.147) (0.15,0.0,-0.338) (0,0.6,0)
(1.0,1.0,1.0) 1.0 500 (0.5,0.5,0.5) 1e6 1 0.0

ELLIPSOID (0.33,-0.33,-0.3) (0.07,-0.07,0) (0.14,0.14,0) (0,0,0.1)
(1.0,1.0,1.0) 0.3 500 (0.5,0.5,0.5) 1e6 1 0.5

LIGHT (0.4,0.3,0.5) (0.4,0.4,0.4) 0.1
LIGHT (-0.4,0.3,0.5) (0.4,0.4,0.4) 0.1

AMBIENT (0.0,0.0,0.0)

AIR 1 1 (1,1,1)

CAMERA (0,0,0.5) (0.5,0,0) (0,0.5,0) 1
