SPHERE (-350,0,-100) 150 
(0,0,1) 0.5 90 (0,0,0) 1e6 1 0.0
SPHERE (-210,0,-100) 200 
(0.25,0,0.75) 0.5 90 (0,0,0) 1e6 1 0.0
SPHERE (-210,85,-100) 145 
(0.25,0,0.75) 0.5 90 (0,0,0) 1e6 1 0.0
SPHERE (-50,0,-100) 150 
(0.25,0,0.75) 0.5 90 (0,0,0) 1e6 1 0.0
SPHERE (100,0,-100) 150 
(0.25,0,0.75) 0.5 90 (0,0,0) 1e6 1 0.0
SPHERE (250,0,-100) 125 
(0.25,0,0.75) 0.5 90 (0,0,0) 1e6 1 0.0
SPHERE (375,0,-100) 150 
(0.25,0,0.75) 0.5 90 (0,0,0) 1e6 1 0.0
SPHERE (0,-2400,-500) 2500 
(0.4375,0,0.5625) 0.5 90 (0,0,0) 1e6 1 0.0
SPHERE (0,-8000,200) 8000 
(0.4375,0,0.5625) 0.5 90 (0,0,0) 1e6 1 0.0
SPHERE (0,-8000,1100) 8000 
(0.4375,0,0.5625) 0.5 90 (0,0,0) 1e6 1 0.0
SPHERE (-75, -5, 850) 8 
(0.4375,0,0.5625) 0.5 90 (0,0,0) 1e6 1 0.0
SPHERE (0,   23, 825) 30 
(0.4375,0,0.5625) 0.5 90 (0,0,0) 1e6 1 0.0
SPHERE (200,280,-400) 30 
(0.4375,0,0.5625) 0.5 90 (0,0,0) 1e6 1 0.0
SPHERE (237,280,-400) 37 
(0.4375,0,0.5625) 0.5 90 (0,0,0) 1e6 1 0.0
SPHERE (267,280,-400) 28 
(0.4375,0,0.5625) 0.5 90 (0,0,0) 1e6 1 0.0
SPHERE (150,280,-1000) 40 
(0.4375,0,0.5625) 0.5 90 (0,0,0) 1e6 1 0.0
SPHERE (187,280,-1000) 37 
(0.4375,0,0.5625) 0.5 90 (0,0,0) 1e6 1 0.0
SPHERE (600,280,-1100) 37 
(0.4375,0,0.5625) 0.5 90 (0,0,0) 1e6 1 0.0
SPHERE (637,280,-1100) 37 
(0.4375,0,0.5625) 0.5 90 (0,0,0) 1e6 1 0.0
SPHERE (-800,280,-1400) 37 
(0.4375,0,0.5625) 0.5 90 (0,0,0) 1e6 1 0.0


LIGHT (0,-8000,-900) (1,1,1) 8000


AMBIENT (0.0,0.0,0.0)

AIR 1 1 (1,1,1)

CAMERA (50.0,52.0,295.6) (0.5,0,0) (0,0.5,0) 1
