# Sample scene file 02
SPHERE (0.5,0.25,-0.5) 0.25
(0.5,0.7,0.5) 0.9 500 

SPHERE (-0.35,0.5,-1.2) 0.25
(0.8,0.2,0.2) 0.3 200 

SPHERE (0.2,0.7,-1.9) 0.6
(0.1,0.2,1.0) 0.2 5 

BOX (-0.25,0.0,-0.7)
(0.65,0,-0.3) (-0.1,0,-0.2) (0,0.6,0)
(0.8,0.5,0.5) 0.1 70 

BOX (-0.4,0.8,-0.7)
(0.3,0.0,-0.3) (-0.3,0.0,-0.5) (0.3,0.3,0.0)
(0.9,0.5,0.9) 0.8 100 

LIGHT (-1,0.0,0) (0.6,0.6,0.6) 0.1
LIGHT (0.75,0.5,0) (0.6,0.6,0.6) 0.1
LIGHT (0.9,0.5,-.5) (0.6,0.6,0.6) 0.1

AMBIENT (0.2,0.2,0.2)

CAMERA (0,0.5,0) (0.4,0,0) (0,0.4,0) 1
