SPHERE (0,0,0) 0.5 
(0,0,1) 0.5 90 (0,0,0) 1e6 1 0.0
SPHERE (0.675,0,0) 0.175 
(0.25,0,0.75) 0.5 90 (0,0,0) 1e6 1 0.0
SPHERE (-0.675,0,0) 0.175 
(0.25,0,0.75) 0.5 90 (0,0,0) 1e6 1 0.0
SPHERE (0,0.675,0) 0.175 
(0.25,0,0.75) 0.5 90 (0,0,0) 1e6 1 0.0
SPHERE (0,-0.675,0) 0.175 
(0.25,0,0.75) 0.5 90 (0,0,0) 1e6 1 0.0
SPHERE (0,0,0.675) 0.175 
(0.25,0,0.75) 0.5 90 (0,0,0) 1e6 1 0.0
SPHERE (0,0,-0.675) 0.175 
(0.25,0,0.75) 0.5 90 (0,0,0) 1e6 1 0.0
SPHERE (0.91125,0,0) 0.06125 
(0.4375,0,0.5625) 0.5 90 (0,0,0) 1e6 1 0.0
SPHERE (-0.43875,0,0) 0.06125 
(0.4375,0,0.5625) 0.5 90 (0,0,0) 1e6 1 0.0
SPHERE (0.23625,0.675,0) 0.06125 
(0.4375,0,0.5625) 0.5 90 (0,0,0) 1e6 1 0.0
SPHERE (0.23625,-0.675,0) 0.06125 
(0.4375,0,0.5625) 0.5 90 (0,0,0) 1e6 1 0.0
SPHERE (0.23625,0,0.675) 0.06125 
(0.4375,0,0.5625) 0.5 90 (0,0,0) 1e6 1 0.0
SPHERE (0.23625,0,-0.675) 0.06125 
(0.4375,0,0.5625) 0.5 90 (0,0,0) 1e6 1 0.0
SPHERE (0.43875,0,0) 0.06125 
(0.4375,0,0.5625) 0.5 90 (0,0,0) 1e6 1 0.0
SPHERE (-0.91125,0,0) 0.06125 
(0.4375,0,0.5625) 0.5 90 (0,0,0) 1e6 1 0.0
SPHERE (-0.23625,0.675,0) 0.06125 
(0.4375,0,0.5625) 0.5 90 (0,0,0) 1e6 1 0.0
SPHERE (-0.23625,-0.675,0) 0.06125 
(0.4375,0,0.5625) 0.5 90 (0,0,0) 1e6 1 0.0
SPHERE (-0.23625,0,0.675) 0.06125 
(0.4375,0,0.5625) 0.5 90 (0,0,0) 1e6 1 0.0
SPHERE (-0.23625,0,-0.675) 0.06125 
(0.4375,0,0.5625) 0.5 90 (0,0,0) 1e6 1 0.0
SPHERE (0.675,0.23625,0) 0.06125 
(0.4375,0,0.5625) 0.5 90 (0,0,0) 1e6 1 0.0
SPHERE (-0.675,0.23625,0) 0.06125
(0.4375,0,0.5625) 0.5 90 (0,0,0) 1e6 1 0.0
SPHERE (0,0.91125,0) 0.06125 
(0.4375,0,0.5625) 0.5 90 (0,0,0) 1e6 1 0.0
SPHERE (0,-0.43875,0) 0.06125 
(0.4375,0,0.5625) 0.5 90 (0,0,0) 1e6 1 0.0
SPHERE (0,0.23625,0.675) 0.06125 
(0.4375,0,0.5625) 0.5 90 (0,0,0) 1e6 1 0.0
SPHERE (0,0.23625,-0.675) 0.06125 
(0.4375,0,0.5625) 0.5 90 (0,0,0) 1e6 1 0.0
SPHERE (0.675,-0.23625,0) 0.06125 
(0.4375,0,0.5625) 0.5 90 (0,0,0) 1e6 1 0.0
SPHERE (-0.675,-0.23625,0) 0.06125 
(0.4375,0,0.5625) 0.5 90 (0,0,0) 1e6 1 0.0
SPHERE (0,0.43875,0) 0.06125 
(0.4375,0,0.5625) 0.5 90 (0,0,0) 1e6 1 0.0
SPHERE (0,-0.91125,0) 0.06125 
(0.4375,0,0.5625) 0.5 90 (0,0,0) 1e6 1 0.0
SPHERE (0,-0.23625,0.675) 0.06125 
(0.4375,0,0.5625) 0.5 90 (0,0,0) 1e6 1 0.0
SPHERE (0,-0.23625,-0.675) 0.06125 
(0.4375,0,0.5625) 0.5 90 (0,0,0) 1e6 1 0.0
SPHERE (0.675,0,0.23625) 0.06125 
(0.4375,0,0.5625) 0.5 90 (0,0,0) 1e6 1 0.0
SPHERE (-0.675,0,0.23625) 0.06125 
(0.4375,0,0.5625) 0.5 90 (0,0,0) 1e6 1 0.0
SPHERE (0,0.675,0.23625) 0.06125 
(0.4375,0,0.5625) 0.5 90 (0,0,0) 1e6 1 0.0
SPHERE (0,-0.675,0.23625) 0.06125 
(0.4375,0,0.5625) 0.5 90 (0,0,0) 1e6 1 0.0
SPHERE (0,0,0.91125) 0.06125 
(0.4375,0,0.5625) 0.5 90 (0,0,0) 1e6 1 0.0
SPHERE (0,0,-0.43875) 0.06125 
(0.4375,0,0.5625) 0.5 90 (0,0,0) 1e6 1 0.0
SPHERE (0.675,0,-0.23625) 0.06125 
(0.4375,0,0.5625) 0.5 90 (0,0,0) 1e6 1 0.0
SPHERE (-0.675,0,-0.23625) 0.06125 
(0.4375,0,0.5625) 0.5 90 (0,0,0) 1e6 1 0.0
SPHERE (0,0.675,-0.23625) 0.06125 
(0.4375,0,0.5625) 0.5 90 (0,0,0) 1e6 1 0.0
SPHERE (0,-0.675,-0.23625) 0.06125 
(0.4375,0,0.5625) 0.5 90 (0,0,0) 1e6 1 0.0
SPHERE (0,0,0.43875) 0.06125 
(0.4375,0,0.5625) 0.5 90 (0,0,0) 1e6 1 0.0
SPHERE (0,0,-0.91125) 0.06125 
(0.4375,0,0.5625) 0.5 90 (0,0,0) 1e6 1 0.0
SPHERE (0,0,-1000) 990 
(0.4,0.4,0.4) 0.3 5 (0,0,0) 1e6 1 0.0
SPHERE (-1000,0,0) 990 
(0.5,0.5,0) 0.3 5 (0,0,0) 1e6 1 0.0

LIGHT (1,1,1) (1,1,1) 0.1
LIGHT (-1,-1,1) (0.5,0.5,0.5) 0.1
LIGHT (1,0,0.5) (0.5,0.5,0.5) 0.1
LIGHT (0,1,0) (0.25,0.25,0.25) 0.1

AMBIENT (0.0,0.0,0.0)

AIR 1 1 (0.9,0.9,0.9)

CAMERA (0.1,0.1,1) (0.5,0,0) (0,0.5,0) 1
